image: 27_TDK_map_edit.pgm
resolution: 0.050000
origin: [-15.400000, -4.4, 0.000000]
negate: 0
occupied_thresh: 0.65
free_thresh: 0.196

